207
1.0962271136314576
-1.1308262109921092
1.6021700039988025
9.918645719433728
-1.7994662235700425
1.9771239701614125
1.1273602506256621
1.4334263004242351
1.4334263004242351
1.4334263004242351
1.4334263004242351
7.01612583508219
3.067051178676283
3.509808573863869
6.969588199801954
0.28821511229333463
0.28821511229333463
0.28821511229333463
0.28821511229333463
9.012024781259951
2.690627084860425
0.6908949938308588
2.052053676333942
8.72506749242502
5.054509925725975
2.274427952018865
2.274427952018865
2.5781171342031195
3.698822890344276
-1.9267259778722525
2.861823349813881
1.2308984602106479
0.675851420908507
-2.0489463007331192
2.106055683130567
0.2960373959433936
0.06708884033358106
3.2392526889901365
3.773632590468202
3.773632590468202
4.43649125714422
0.3366960462119994
1.5659870625391727
1.6156504357235466
1.013247986651557
1.1934713254920513
0.23433245059845123
0.11747161354728732
0.8790225301700644
1.2888072765644345
0.44142368442625896
2.0950807938540104
1.895585327722854
0.9927575409971627
0.16613700684504312
0.10389692696183894
1.4356166805623718
1.1956905283118222
0.2346077748753312
0.43022576619861636
1.094492911566848
1.1908069786559914
0.23375291375752344
0.3211389181445283
1.2504923056043369
1.397238282250987
0.5266155776479888
0.9688429183969155
0.5440386861613807
1.0202236570783083
1.1945304163671246
0.23448801834895835
0.32147831890662115
1.1947030726823613
0.23444594611583183
2.515069075829119
0.3267234459181118
1.1966084565400388
0.234703039597204
0.1398660287541164
0.08420263941616916
1.1955113382584555
0.23457815656391173
1.245055663645785
1.6139891912170707
2.2491118183647796
0.22208627763112598
0.05190281732678337
1.1066756167532894
-1.063885805311698
-1.063885805311698
0.41584270011902685
1.1946771973564088
0.2344322226447947
0.03780863490735677
1.1954853967107495
0.23457398776079383
0.11627447900192411
1.1956856301338812
0.23460730554313713
0.06406913331683761
0.17571124535274754
1.1954586013569681
0.23456668363591493
0.10389692696183894
1.1956905283118222
0.2346077748753312
0.11627447900192411
1.1956856301338812
0.23460730554313713
0.11629815935171305
0.9930086320097365
0.16294818528391097
0.03821455141757038
0.11769334889003116
1.1955074425418952
0.23457481362184537
1.195514429645487
0.23457899137282653
0.10389692696183894
1.1956905283118222
0.2346077748753312
-2.161040348873126
1.2661726785445668
1.1932708388339779
0.23429845219082499
1.195525003963492
0.23458108106453665
0.09419549010640213
1.1955242155121282
0.23458088213652944
2.283735343628402
2.795598496641602
2.9789100517753013
2.8631628073583517
0.9917472744219078
0.16090970933172333
0.037714807273540436
0.0983267430233899
1.195514004829421
0.23457890396726122
0.3411257570190843
1.1943138594391223
0.23436621796397758
1.195514004829421
0.23457890396726122
1.4230544641031886
0.993315246156842
0.16292861168803952
0.03821642610177413
3.5685733896770637
1.196478658372658
0.23473700007647594
0.2777095337555589
1.1948624090038347
0.23446624472269842
1.2470864983321235
1.6265506894162705
0.9900476281488376
0.1613958308375579
0.03786413872293798
0.11627447900192411
1.1956856301338812
0.23460730554313713
0.9930925013079115
0.16298862473600553
0.038224060213994104
1.5688392905992252
2.6112696222491696
2.846734456746782
2.7665196549937128
1.1930892674771123
0.23406452156589436
0.11769334889003116
1.1955074425418952
0.23457481362184537
1.1955140331551541
0.23457890805869455
1.195514004829421
0.23457890396726122
1.1960038419106798
0.23466148046789995
0.05172420128880947
1.1955919271832471
0.23459075526326584
0.32147831890662115
1.1947030726823613
0.23444594611583183
0.9873983325199
0.13313614288219608
0.13606527044092037
0.03211642811455491
0.347673294380978
1.194292708982743
0.2343623209057286
0.10389692696183894
1.1956905283118222
0.2346077748753312
0.05991791074709756
1.1954635005902843
0.2345675996573779
1.1955156176583066
0.23457918305672495
0.887549565746412
1.1962281657844709
0.23469343605087534
1.253199676047729
